 1               137  7.3                            921  1.0                         732    1.4 
 4               450  8.9                            1539  2.6                        1123    3.6                        
 8               663  12.0                           1769  4.5                        1538    5.2 
 16              1035  15.5                           2228  6.7                        1612   10
 20             1104  18.4                           2133  10.9                       1628    15                       
 24             1168   20.6                           1961  12.2                        1622   16
 32             1183  27.0                         1919  17.6                        1590      22.6
 36             1265  28.7                           1868  21.7                        1618     23.7
 40             1438  34.0                           1851  22.9                        1612    24.8            
 45             1408  37.6                           1966  22.9                        1766     26.4
   